744
669
572
752
288
66
81
572
184
288
317
641
242
309
81
519
669
779
184
210
242
93
779
669
26
81
74
184
242
93
320
669
81
572
288
119
326
190
317
224
572
74
320
242
368
317
184
81
210
242
768
459
768
10
505
459
10
505
432
459
544
242
326
662
224
66
126
81
184
242
297
641
641
669
74
317
184
288
669
572
210
242
6
154
689
459
459
459
689
459
459
459
544
242
326
113
81
600
242
93
81
779
20
669
572
572
81
641
210
242
326
225
225
225
368
779
544
242
310
669
320
572
242
368
669
81
689
242
326
190
81
317
66
242
144
74
288
81
572
184
288
20
184
210
242
326
225
225
225
248
20
544
242
310
317
572
81
242
144
447
288
184
320
689
242
326
326
737
34
26
81
74
184
288
758
81
20
210
242
326
767
544
242
368
81
758
81
641
669
519
242
74
224
184
184
288
572
126
505
81
66
126
81
242
81
572
74
779
600
519
184
288
669
572
242
20
669
752
184
104
317
779
81
544
242
326
768
544
242
270
447
519
641
81
447
81
572
184
242
447
224
641
184
288
505
641
317
600
81
779
242
20
81
74
224
779
288
184
600
242
519
779
669
184
669
74
669
641
20
242
752
669
779
242
66
317
184
317
242
184
779
317
572
20
447
288
20
20
288
669
572
544
242
326
326
744
669
572
184
317
74
184
242
270
572
752
669
210
242
26
669
320
572
544
66
669
81
391
519
320
669
81
572
288
119
505
184
81
74
320
544
74
669
447
689
242
326
225
225
225
731
767
505
246
459
459
505
154
154
154
505
459
767
152
152
544
242
326
326
270
447
519
669
779
184
317
572
184
210
242
297
641
641
242
288
572
752
669
779
447
317
184
288
669
572
242
74
669
572
184
317
288
572
81
66
242
288
572
242
184
320
288
20
242
447
81
20
20
317
126
81
242
288
20
242
74
641
317
20
20
288
752
288
81
66
242
317
572
66
242
288
572
184
81
572
66
81
66
242
752
669
779
242
317
224
184
320
669
779
288
221
81
66
242
519
81
779
20
669
572
572
81
641
242
669
572
641
600
544
242
280
317
288
641
224
779
81
242
184
669
242
74
669
447
519
641
600
242
104
288
184
320
242
74
669
572
752
288
66
81
572
184
288
317
641
288
184
600
242
317
126
779
81
81
447
81
572
184
20
242
104
288
641
641
242
779
81
20
224
641
184
242
288
572
242
641
81
126
317
641
242
317
74
184
288
669
572
544
242
309
81
447
81
447
34
81
779
689
242
438
516
288
126
288
641
317
572
74
81
242
288
20
242
184
320
81
242
692
81
600
242
184
669
242
74
600
34
81
779
20
81
74
224
779
288
184
600
544
438
242
213
144
81
74
224
779
81
183
81
74
320
768
459
768
10
242
391
93
320
669
81
572
288
119
183
81
74
320
326
